Numer RSPO
126435
85166
112174
52414
129889
106846
114667
21429
31767
121249
80246
31907
104084
83323
80253
19868
85127
52988
27005
27999
123445
84923
53017
84924
84928
84925
123802
107298
127567
121558
121943
120384
126522
121488
108863
122346
16524
83455
83486
130613
123266
123923
127770
70372
126851
123039
122733
129558
70792
123008
122014
126088
113492
18576
81659
79804
31134
4006
70530
130562
72689
121437
83330
104950
74947
74934
13605
111875
91756
112057
77426
31711
127066
121244
124566
88401
125142
129838
43335
86121
25712
109707
129263
121817
122002
120192
127661
26486
123099
23771
122721
122720
92946
110104
15638
110110
70686
105294
70545
15156
86891
86886
86890
56159
121688
127063
127347
127346
122429
122430
113870
127616
113856
122958
130122
126881
16489
126656
121353
106882
16484
110405
16509
122994
122385
16528
128941
122695
124219
16649
129383
129684
122726
122834
24757
129542
16518
22956
17220
74774
115158
122036
125716
3971
62426
122944
127584
118910
121769
122040
16535
16512
121321
16498
123034
122693
77427
74615
129899
16494
123500
122180
126358
16529
123307
126151
128418
124866
127471
122373
52987
122374
19873
122949
56463
115341
19115
127103
126900
125841
126534
129029
104242
122006
92456
130347
127356
110260
83621
24585
39652
16429
8336
126161
118699
121562
118493
127109
118494
122432
119738
105663
34506
105395
105317
20580
80197
41947
30184
105330
105309
44248
13222
53000
47132
119151
128505
14470
121235
128475
52779
125204
28502
127411
129646
16538
130430
130431
121989
122951
123554
123552
126785
120685
122946
122932
13678
22208
29727
103668
122436
114587
49654
130577
73940
130283
130284
114614
106875
92426
23096
19836
35118
56660
30117
80195
30471
30656
29503
39211
39648
83649
121331
127865
124856
81236
23544
39213
39217
34501
88130
16867
18874
16838
86131
15084
15683
89367
21256
28592
49225
30311
26696
25633
29795
30914
49227
30980
46574
30978
5441
6435
87228
54119
54126
110256
55127
110258
103931
103930
25832
15044
122173
75099
75204
75226
10534
44246
10535
10536
44249
24276
24353
115422
34511
30926
28626
18930
26319
90400
27334
27402
29617
18943
19600
20243
43771
30232
29657
31505
125140
42065
34632
29582
30247
27418
28030
34674
39208
39209
49221
17434
39210
39650
20765
20766
40984
49222
125137
49224
34509
23499
26488
27279
27163
34503
34504
34508
16231
43384
48104
89468
83620
19865
19212
19805
19211
29181
88259
15705
20636
17694
16702
16063
16753
105412
106321
105676
105396
105687
105292
105661
105303
105307
105670
105418
105664
105290
103821
105305
105399
105404
105674
2876
105310
105318
105314
106322
106324
105689
105298
106319
105393
105296
105681
105672
105416
105666
105685
105331
105409
105414
105402
105679
24338
22087
30744
25424
27157
83751
17780
114662
15571
29180
26251
23663
23777
23888
19762
110257
60015
24195
110259
88071
16908
19827
49220
31733
127315
74903
26799
19730
121539
64377
73785
26977
127201
56095
60306
16422
23387
129235
119684
128294
14781
16520
120502
118453
127187
105975
16907
53027
83306
83309
83792
125505
84940
83320
121316
123121
123826
25033
16696
84871
30502
27858
121197
52981
125641
128025
34796
52983
31811
25025
121630
121634
17816
20747
17327
84870
84878
83319
83318
85204
105274
84701
129734
129175
125611
129898
130237
130236
14179
124176
123123
41946
129980
121234
59581
118675
85020
23879
26954
86452
23056
80125
16902
8758
129588
22902
120577
125087
119236
86450
127833
22995
104058
86455
120872
130432
128553
91738
21281
25668
73747
25461
25825
25835
86227
90041
31581
29755
21092
92830
30936
15969
29820
103771
122007
34513
56370
27158
105214
27812
27280
103822
30794
18789
39649
29239
22932
30253
24346
19073
88067
46597
30254
43385
81335
22927
31063
46647
105291
16428
30629
34665
125561
119689
126689
123007
41176
127246
82545
44141
44142
60527
70375
52982
121724
53019
38438
128769
18852
128039
88357
20782
128772
84862
104798
123159
84952
126528
128679
114476
22973
115214
24798
30155
44151
23545
123164
110275
13050
31720
53025
128506
126742
73855
60298
26485
30079
23581
26484
30107
14120
14202
14213
105295
14270
14297
14315
81773
14321
14352
14449
74967
109887
110061
122483
128818
118765
118730
121400
129946
14294
16517
120934
16526
16510
16648
16481
130435
62133
16486
16546
106006
16506
16500
115325
121764
124177
127316
126741
122378
126743
126716
127199
52992
110420
109996
124819
107106
70794
110421
124012
120444
121485
42534
126434
125530
60172
126211
129211
111076
126192
129210
52515
125499
126221
129836
129382
129224
118664
127233
129180
92411
127321
49897
129363
114729
127053
89472
16903
126722
125145
118697
130040
64399
119474
64398
128770
106413
68570
49526
119340
129825
106411
42310
115238
114646
49750
119160
106412
129826
128471
53015
24960
128507
38444
53022
124744
128602
127261
53028
53008
53024
52990
128520
30711
52984
31793
128502
52991
118743
128472
28086
83595
85302
18671
121763
128649
87777
18831
16744
21200
88228
129837
23827
124110
22080
22121
23107
26827
30761
73683
111399
127990
122431
13033
121332
81576
121613
48055
120956
110547
121333
114104
83215
85073
83623
104972
78930
80510
113539
49244
121189
121247
120996
21440
85093
114723
84939
80519
129865
83304
22492
22588
129735
120558
52479
80512
14770
48953
16904
16906
80516
80514
82472
126603
82673
128774
85497
83507
80534
83294
80532
129179
31951
84911
31836
118665
71038
114734
83287
129696
21436
79063
26975
111185
85370
48886
83300
28060
128193
127855
69861
80521
81160
106839
90989
32019
27017
104487
87930
129262
26340
127360
84914
84916
124382
92438
124583
71063
84913
130110
22617
124161
83332
52771
16911
129860
27495
103603
83401
121258
121710
80544
42852
81835
124516
127856
125203
80517
30657
125146
68707
83563
125040
42487
84949
84936
84950
114158
121689
31948
27792
113512
64413
128469
53016
30171
16531
16495
16547
113871
120941
113868
129764
16534
122980
16533
106748
120997
31766
114725
129177
31764
52943
125147
128817
16692
125477
52953
121245
121268
127769
92417
121260
126200
114672
31714
129904
129176
127660
121242
121315
121314
31971
123510
130041
89928
23091
126027
128937
126026
70796
129935
130264
127832
60302
19728
24886
25090
25111
25140
23602
60300
44669
103585
103582
103935
90365
103583
103587
21428
44242
122345
115000
122979
125206
126792
127184
113862
16539
129150
124616
41236
121941
118450
64405
105713
121248
16499
122303
121939
125527
126430
122035
123236
130233
126523
121767
124185
124052
16482
16521
104441
90364
104258
104254
52794
56152
56157
61486
56156
103586
90366
103774
103584
106446
7265
12598
12609
7347
6834
12622
6860
81529
6899
7253
7264
7269
7272
7321
6320
6364
6374
6847
86889
28033
129196
126778
122387
16795
83868
128815
123119
16496
123355
126996
119085
129902
129903
105753
126124
104241
123023
80268
129589
122966
80302
127834
59014
121185
129556
129590
129575
129595
80304
109210
34444
121816
129592
49938
126157
129557
129591
129578
73929
129587
129580
129593
129541
70795
77428
58416
108683
111428
70374
128554
22058
111139
90498
70378
128065
70377
53023
103775
34446
73939
106871
126880
11999
89929
39127
53021
13008
130242
126400
124108
124109
122943
53011
121200
121188
114676
22363
49928
84951
109086
85210
123090
114245
87400
106173
52998
121262
52487
23512
52559
69457
54009
25137
105216
54143
125500
48849
13072
24818
25777
18729
18752
13026
16033
30954
19729
24830
13071
60303
60305
23610
50285
123237
115281
130536
129804
115053
14787
70471
70043
125512
70271
16537
68552
111535
128940
128939
128938
106456
84921
124008
49937
64410
16143
109115
68127
106181
19477
106182
109117
114932
112020
111978
34224
82717
31814
31812
34229
31804
25031
119791
82711
31075
31704
31706
82713
31801
73938
52513
31698
121694
20759
16769
16693
89612
17609
91734
89849
18634
16695
15222
75150
25463
29252
29709
125612
83569
49755
22633
22379
105524
82619
127048
126074
74966
111802
90980
83419
27487
16672
25900
75020
75077
75098
75033
108869
109734
84197
127324
39202
85488
108873
52747
22953
85247
30718
22516
16910
19813
22664
84917
123963
86473
126433
130325
83321
85349
103707
123804
40522
14840
75689
19224
19694
30963
52403
18175
23442
40523
51839
51841
23440
128816
83307
52554
80533
123055
109994
125642
83606
126338
85015
49336
81102
65010
103703
35104
109862
69514
83526
127117
82682
106361
26278
83628
112150
83980
22741
106742
83293
84908
84909
90993
28034
85507
121306
104752
27423
84907
84776
83371
22423
68603
85426
34999
80511
84944
26313
120074
83334
21432
80305
83322
125479
26402
83166
28031
22989
85200
118668
80513
22488
83328
111787
79155
83325
46649
82644
83329
85113
83681
84929
80545
52668
83286
103706
129158
84912
114719
84736
103708
83331
129737
22712
83574
35199
80518
129674
80546
22443
127007
121196
120118
126621
125134
128474
16909
127008
121191
127076
121256
85484
43386
71185
84763
124777
84906
121311
129154
122654
83324
52731
123547
13141
126525
128470
83335
84962
52234
83366
121307
125081
84945
84931
129376
123824
126965
22595
121195
20900
81077
127010
84933
43311
84938
121560
128473
130578
69930
30195
51939
22663
11951
23494
11564
24249
53466
19692
52400
26125
22849
75540
11948
22851
11957
17573
17574
11953
31321
24223
11959
17575
11958
17510
11950
24222
31365
19700
19699
19698
17577
19219
19220
19222
40527
49546
31406
49231
53467
14590
40533
40520
42046
46575
53468
49228
11947
41986
14591
11944
11577
11954
11956
61607
17733
31518
61592
14592
27466
20107
20106
14686
20108
75717
20105
30162
40530
20102
19223
20103
20110
30957
22853
14687
14688
14689
14841
14690
23477
23478
20114
20109
20112
20113
49232
31543
40536
41976
110244
53469
75743
42347
19697
40517
30220
111909
17767
34637
31563
84937
14692
19702
40589
20104
14693
111910
14694
8437
23434
14695
85168
24224
14735
24250
19845
14736
23496
19846
19847
23435
47169
23495
23436
61535
40525
23437
31579
14738
19848
23438
54101
30164
54014
54016
54012
19849
24251
17897
23479
19850
25670
23498
26487
19851
40529
40141
49237
47471
78211
17934
18018
40535
18045
23463
19852
30969
88063
23439
40696
15071
15072
40518
30248
31589
39881
23472
49234
23473
23500
23497
24221
53470
31007
23441
47340
23467
30163
41985
49659
23480
23470
31597
42134
15073
23464
24246
34659
23465
76142
25645
23468
24252
49226
34654
19854
18059
18086
34644
49229
19701
23475
18102
15074
7029
61590
15075
15076
18150
7261
23462
49235
30739
18208
15078
30310
18219
18232
19855
35205
23474
34646
15080
18256
76183
110246
7608
119046
86174
123616
123240
123241
52395
14583
17567
14584
23471
30336
17551
14585
17590
14586
17625
7151
14587
17569
22659
30970
22660
17570
109855
22661
40063
40526
30958
24220
14588
17571
110243
30956
30959
17713
41983
11945
34638
53465
24247
24248
19693
11955
14589
51843
11949
11943
17572
11946
11952
19691
23476
11136
90990
121310
121312
121486
84930
79014
31894
130281
130050
83870
122585
130088
128609
84932
109526
121199
121324
84934
105397
41883
52447
17866
23469
14737
105315
53532
14786
129178
83308
22665
17576
14691
52401
110245
19695
14739
23466
19853
23481
42397
17265
4778
110242
51253
22662
26124
129791
81772
21027
21114
21141
129897
105811
30968
122502
122500
107148
107129
107130
107128
107213
129685
127054
24968
52941
31731
129608
82716
115118
129918
52994
129775
123069
118673
31769
21439
121487
129540
130278
128503
128500
31716
24971
123009
128680
16784
129647
52997
124411
21463
31725
24982
21464
24975
29955
53014
31763
52999
123074
52963
52960
53009
31712
124150
82712
129774
127047
24966
21458
123162
123509
119447
129773
118667
124009
129953
129188
126084
21455
52951
122829
24973
121202
129724
128504
121254
127193
25905
124039
80256
53007
125524
121301
31770
129076
25901
125193
125504
121264
123801
126144
25904
52944
121302
121300
80244
77429
107525
105012
126127
126740
104890
126971
49927
14788
126381
14792
14793
126681
82643
81611
14620
14582
14782
105715
14783
69424
81774
130006
14239
104537
16664
106183
29718
53020
31797
82709
25028
82710
34237
28116
28117
29947
28115
29860
29953
34231
25027
70360
109361
106445
21437
14180
89549
14743
15730
15560
16620
89386
16639
15104
20537
17352
20778
84866
21173
85996
27748
84867
27703
27835
31839
85141
14684
104495
121967
22132
86884
122954
118828
104493
109989
109760
120995
122993
111075
122732
110269
115657
114484
115215
15210
106327
86888
122415
122577
114437
111248
75324
127157
129449
108862
109690
122703
61432
25035
29949
114664
20171
118680
128501
124354
81771
52995
23514
42063
81165
60805
129719
53026
123511
29950
29948
29946
29951
31707
64382
41174
34635
16880
22206
60292
8472
92385
27990
74989
110247
34221
125041
48848
60276
110249
60278
34634
20888
83672
21344
27605
40717
23504
30870
40908
29806
21044
21185
60295
60578
25238
60280
35094
19870
21304
42836
23746
7056
54132
87205
54139
103820
54142
23289
21340
23505
60277
60275
29542
52986
28118
60283
35188
30913
60284
56368
23506
43836
43837
60281
34499
21572
30878
43840
42185
41455
122233
42023
41818
17902
110251
41126
125191
40898
21969
25442
103940
23880
110252
21312
40716
60285
30461
34507
23311
20770
60286
23509
125139
48845
24685
11490
48843
23510
34570
26496
48846
80397
52985
6489
22214
16233
60287
103920
23047
22084
23079
110253
16899
23395
34633
16905
23401
23448
60288
23529
34745
23626
59641
40545
5120
43929
122579
123456
130612
130316
74888
41863
48841
60289
38742
25422
48842
23502
44250
20653
40945
20767
30971
60296
60290
20772
34983
30166
23503
23501
60888
52372
60291
26789
34222
30974
25029
20769
30973
22197
23192
60299
15915
123543
105398
105671
105673
105304
105306
105675
105332
105688
105415
105677
105316
105308
105394
105419
105413
105400
105662
106325
106320
105682
105405
105686
105665
14785
105690
105297
106323
105299
105302
105293
105410
105312
105680
105667
105669
105417
105320
83750
13192
52989
110248
75025
110250
88214
122172
28624
23507
41649
23508
48844
23346
21235
63416
23372
23460
15808
110254
125045
23729
110255
19491
23178
20768
21253
15297
30975
126527
64396
119159
70791
61614
25552
80395
26380
79355
83519
29816
26938
122457
42034
42430
30888
31324
49684
34673
118492
34672
60179
77551
39669
122426
39659
44241
30617
121341
58606
115343
25331
81570
81619
80439
83520
81023
42036
34516
31527
27286
83979
105326
122893
105683
105391
105407
105321
105401
105411
106326
105678
70529
121658
127910
122304
122038
124178
90982
30770
30468
22311
58603
27283
83422
31531
39662
83189
31094
28002
48975
88070
42033
90984
28704
79208
90983
34515
20379
39656
81756
26796
44243
25454
24599
42035
8046
26849
27160
34669
25517
34982
20581
8337
42427
29316
122179
46655
28887
78204
83423
31498
31462
30391
25829
39680
105322
105329
27600
79352
27285
20412
26015
83452
121198
124586
129681
128997
121303
123962
126198
113489
126214
70370
89469
25682
73856
83650
25263
27159
25132
40982
48847
70687
53002
108861
29540
62134
106065
123085
86885
87072
122364
122978
84874
22574
25173
34505
88068
25388
25265
28603
16423
59665
25801
72459
88064
16426
34512
22856
24345
22897
22922
16427
34621
88066
25406
30690
39647
27918
30251
20395
25293
23486
88065
16424
11589
25632
25956
22592
27282
16425
49970
39099
22778
34510
25407
28516
41853
82510
112189
104494
80288
110496
92435
80285
124810
22216
126159
87244
39661
29668
58601
83435
31376
27975
30309
27645
125138
27281
39679
20436
57224
127305
83001
122181
11412
79347
44239
26040
31529
34671
83104
125810
83948
39657
127553
42428
105324
105392
105328
105408
105684
105313
105300
14264
118871
44140
14444
26779
14382
14451
14478
3462
14219
14784
113576
108836
105215
128486
5776
12481
15234
123620
118554
118553
113753
25805
19706
128962
12778
35214
26138
14255
127002
30981
17107
12783
10551
14452
19295
13294
121692
25426
13158
121723
14401
121720
23484
12846
25135
25791
4749
10537
11604
25412
11578
19265
23493
23492
13380
5340
113657
113575
114877
113641
113658
130315
25134
25133
112053
30982
23491
5614
13381
27648
25358
17104
14298
14427
14260
19705
6594
28199
7036
26481
12920
20504
14431
17026
19083
12845
20194
15233
15232
23488
13379
23489
26482
19703
19704
23490
26483
24341
29059
14446
22859
22895
29771
12775
25792
25136
73117
59582
13299
5626
75165
17105
17106
13377
54108
115023
120084
111843
121638
25803
130591
121641
121629
17234
12784
19707
121642
13390
13487
13488
13490
13491
13492
13493
13494
12332
12333
12417
12427
12465
12484
12639
12658
12694
12721
12731
12742
12751
13110
13351
13356
13363
13489
112050
23485
14435
22831
15093
121719
114585
121715
121717
12791
34622
19349
44154
72741
73027

